z     ndz_pdf      ndz_cum
2.00  0.00000000   0
2.01  0.01105236   1298
2.02  0.02206214   2591
2.03  0.03201608   3760
2.04  0.04430310   5203
2.05  0.06018341   7068
2.06  0.07436926   8734
2.07  0.08879352   10428
2.08  0.10616395   12468
2.09  0.12253813   14391
2.10  0.13799269   16206
2.11  0.15445202   18139
2.12  0.17116680   20102
2.13  0.18818811   22101
2.14  0.20437496   24002
2.15  0.22162618   26028
2.16  0.23930314   28104
2.17  0.25588168   30051
2.18  0.27278378   32036
2.19  0.29037559   34102
2.20  0.30612818   35952
2.21  0.32327722   37966
2.22  0.34313400   40298
2.23  0.36225850   42544
2.24  0.37761940   44348
2.25  0.39454705   46336
2.26  0.41128737   48302
2.27  0.42450252   49854
2.28  0.43700241   51322
2.29  0.44902547   52734
2.30  0.45964357   53981
2.31  0.46939314   55126
2.32  0.47824865   56166
2.33  0.48811744   57325
2.34  0.49725394   58398
2.35  0.50631381   59462
2.36  0.51599527   60599
2.37  0.52523395   61684
2.38  0.53393619   62706
2.39  0.54295348   63765
2.40  0.55167275   64789
2.41  0.56061341   65839
2.42  0.56938378   66869
2.43  0.57921850   68024
2.44  0.58749500   68996
2.45  0.59600140   69995
2.46  0.60351155   70877
2.47  0.61174547   71844
2.48  0.61945998   72750
2.49  0.62759173   73705
2.50  0.63558723   74644
2.51  0.64352313   75576
2.52  0.65087150   76439
2.53  0.65761531   77231
2.54  0.66468269   78061
2.55  0.67104333   78808
2.56  0.67694417   79501
2.57  0.68203609   80099
2.58  0.68723870   80710
2.59  0.69489361   81609
2.60  0.70023246   82236
2.61  0.70538398   82841
2.62  0.71050144   83442
2.63  0.71606168   84095
2.64  0.72196252   84788
2.65  0.72747167   85435
2.66  0.73253804   86030
2.67  0.73791095   86661
2.68  0.74271336   87225
2.69  0.74797558   87843
2.70  0.75299938   88433
2.71  0.75794654   89014
2.72  0.76325985   89638
2.73  0.76847098   90250
2.74  0.77300943   90783
2.75  0.77765857   91329
2.76  0.78241841   91888
2.77  0.78684616   92408
2.78  0.79155491   92961
2.79  0.79568464   93446
2.80  0.80010388   93965
2.81  0.80477005   94513
2.82  0.80873800   94979
2.83  0.81296140   95475
2.84  0.81698896   95948
2.85  0.82056522   96368
2.86  0.82441396   96820
2.87  0.82806686   97249
2.88  0.83160055   97664
2.89  0.83515978   98082
2.90  0.83887228   98518
2.91  0.84216756   98905
2.92  0.84596521   99351
2.93  0.84932860   99746
2.94  0.85258981   100129
2.95  0.85598726   100528
2.96  0.85911224   100895
2.97  0.86253523   101297
2.98  0.86530258   101622
2.99  0.86860636   102010
3.00  0.87180797   102386
3.01  0.87466898   102722
3.02  0.87778544   103088
3.03  0.88078269   103440
3.04  0.88326905   103732
3.05  0.88615560   104071
3.06  0.88878671   104380
3.07  0.89160515   104711
3.08  0.89365724   104952
3.09  0.89617766   105248
3.10  0.89821272   105487
3.11  0.90070759   105780
3.12  0.90314285   106066
3.13  0.90505020   106290
3.14  0.90756210   106585
3.15  0.90971637   106838
3.16  0.91181104   107084
3.17  0.91366729   107302
3.18  0.91552354   107520
3.19  0.91762672   107767
3.20  0.91932971   107967
3.21  0.92093051   108155
3.22  0.92280379   108375
3.23  0.92443014   108566
3.24  0.92614164   108767
3.25  0.92770838   108951
3.26  0.92913037   109118
3.27  0.93061197   109292
3.28  0.93204247   109460
3.29  0.93326862   109604
3.30  0.93452031   109751
3.31  0.93563577   109882
3.32  0.93693003   110034
3.33  0.93823281   110187
3.34  0.93940787   110325
3.35  0.94034451   110435
3.36  0.94133224   110551
3.37  0.94240512   110677
3.38  0.94359721   110817
3.39  0.94471266   110948
3.40  0.94587921   111085
3.41  0.94695209   111211
3.42  0.94802497   111337
3.43  0.94906379   111459
3.44  0.95001746   111571
3.45  0.95131172   111723
3.46  0.95258896   111873
3.47  0.95367887   112001
3.48  0.95456442   112105
3.49  0.95550106   112215
3.50  0.95654839   112338
3.51  0.95728068   112424
3.52  0.95813217   112524
3.53  0.95881336   112604
3.54  0.95934980   112667
3.55  0.96003099   112747
3.56  0.96060149   112814
3.57  0.96120605   112885
3.58  0.96189576   112966
3.59  0.96538688   113376
3.60  0.96806056   113690
3.61  0.96895462   113795
3.62  0.96984018   113899
3.63  0.97068315   113998
3.64  0.97164534   114111
3.65  0.97246277   114207
3.66  0.97323763   114298
3.67  0.97399545   114387
3.68  0.97470219   114470
3.69  0.97555368   114570
3.70  0.97648181   114679
3.71  0.97733330   114779
3.72  0.97803152   114861
3.73  0.97873826   114944
3.74  0.97953015   115037
3.75  0.98015174   115110
3.76  0.98071372   115176
3.77  0.98119907   115233
3.78  0.98169294   115291
3.79  0.98208462   115337
3.80  0.98245928   115381
3.81  0.98294463   115438
3.82  0.98328522   115478
3.83  0.98356622   115511
3.84  0.98393236   115554
3.85  0.98451989   115623
3.86  0.98491157   115669
3.87  0.98523514   115707
3.88  0.98555019   115744
3.89  0.98579712   115773
3.90  0.98604406   115802
3.91  0.98633356   115836
3.92  0.98664010   115872
3.93  0.98708288   115924
3.94  0.98742347   115964
3.95  0.98776407   116004
3.96  0.98800249   116032
3.97  0.98829199   116066
3.98  0.98855596   116097
3.99  0.98886249   116133
4.00  0.98915200   116167
4.01  0.98946705   116204
4.02  0.98980765   116244
4.03  0.99017379   116287
4.04  0.99048884   116324
4.05  0.99077835   116358
4.06  0.99093162   116376
4.07  0.99113597   116400
4.08  0.99146806   116439
4.09  0.99176608   116474
4.10  0.99200450   116502
4.11  0.99220034   116525
4.12  0.99239618   116548
4.13  0.99256648   116568
4.14  0.99270272   116584
4.15  0.99283896   116600
4.16  0.99295817   116614
4.17  0.99311995   116633
4.18  0.99329025   116653
4.19  0.99351164   116679
4.20  0.99363936   116694
4.21  0.99378411   116711
4.22  0.99391184   116726
4.23  0.99400550   116737
4.24  0.99413322   116752
4.25  0.99436313   116779
4.26  0.99455897   116802
4.27  0.99469521   116818
4.28  0.99483996   116835
4.29  0.99490808   116843
4.30  0.99501026   116855
4.31  0.99512095   116868
4.32  0.99524868   116883
4.33  0.99546155   116908
4.34  0.99561482   116926
4.35  0.99574254   116941
4.36  0.99585324   116954
4.37  0.99596393   116967
4.38  0.99606611   116979
4.39  0.99615126   116989
4.40  0.99624492   117000
4.41  0.99636413   117014
4.42  0.99650037   117030
4.43  0.99662809   117045
4.44  0.99673879   117058
4.45  0.99692612   117080
4.46  0.99698572   117087
4.47  0.99709641   117100
4.48  0.99718156   117110
4.49  0.99729226   117123
4.50  0.99734335   117129
4.51  0.99745404   117142
4.52  0.99753919   117152
4.53  0.99762434   117162
4.54  0.99770097   117171
4.55  0.99779464   117182
4.56  0.99789682   117194
4.57  0.99798197   117204
4.58  0.99805860   117213
4.59  0.99816078   117225
4.60  0.99824593   117235
4.61  0.99830553   117242
4.62  0.99833959   117246
4.63  0.99841623   117255
4.64  0.99848435   117263
4.65  0.99853543   117269
4.66  0.99859504   117276
4.67  0.99864613   117282
4.68  0.99868870   117287
4.69  0.99873979   117293
4.70  0.99880791   117301
4.71  0.99886752   117308
4.72  0.99891861   117314
4.73  0.99895267   117318
4.74  0.99898673   117322
4.75  0.99903781   117328
4.76  0.99908890   117334
4.77  0.99915702   117342
4.78  0.99919960   117347
4.79  0.99925069   117353
4.80  0.99930178   117359
4.81  0.99933584   117363
4.82  0.99936990   117367
4.83  0.99943802   117375
4.84  0.99945505   117377
4.85  0.99949762   117382
4.86  0.99955722   117389
4.87  0.99959128   117393
4.88  0.99960831   117395
4.89  0.99967643   117403
4.90  0.99969346   117405
4.91  0.99971049   117407
4.92  0.99971049   117407
4.93  0.99972752   117409
4.94  0.99974455   117411
4.95  0.99976158   117413
4.96  0.99977861   117415
4.97  0.99979564   117417
4.98  0.99982119   117420
4.99  0.99983822   117422
5.00  0.99986376   117425
5.01  0.99987228   117426
5.02  0.99987228   117426
5.03  0.99988931   117428
5.04  0.99988931   117428
5.05  0.99989782   117429
5.06  0.99990634   117430
5.07  0.99994040   117434
5.08  0.99995743   117436
5.09  1.00000000   117441
