z     ndz_pdf      ndz_cum
2.10  0.00000000   0
2.11  0.01247318   2994
2.12  0.02479638   5952
2.13  0.03704460   8892
2.14  0.04925115   11822
2.15  0.06234507   14965
2.16  0.07554732   18134
2.17  0.08918283   21407
2.18  0.10259754   24627
2.19  0.11632054   27921
2.20  0.13123919   31502
2.21  0.14541629   34905
2.22  0.15944758   38273
2.23  0.17340804   41624
2.24  0.18784344   45089
2.25  0.20244548   48594
2.26  0.21783907   52289
2.27  0.23278272   55876
2.28  0.24710146   59313
2.29  0.26201179   62892
2.30  0.27598059   66245
2.31  0.29019518   69657
2.32  0.30371404   72902
2.33  0.31820360   76380
2.34  0.33209324   79714
2.35  0.34516216   82851
2.36  0.35846856   86045
2.37  0.37129169   89123
2.38  0.38558960   92555
2.39  0.39875435   95715
2.40  0.41173162   98830
2.41  0.42390068   101751
2.42  0.43602808   104662
2.43  0.44876372   107719
2.44  0.45996625   110408
2.45  0.47110213   113081
2.46  0.48203804   115706
2.47  0.49355719   118471
2.48  0.50395984   120968
2.49  0.51414585   123413
2.50  0.52389443   125753
2.51  0.53340971   128037
2.52  0.54349574   130458
2.53  0.55310684   132765
2.54  0.56268877   135065
2.55  0.57198325   137296
2.56  0.58136105   139547
2.57  0.59044306   141727
2.58  0.59935843   143867
2.59  0.60791551   145921
2.60  0.61649759   147981
2.61  0.62410065   149806
2.62  0.63219530   151749
2.63  0.64027329   153688
2.64  0.64763055   155454
2.65  0.65519195   157269
2.66  0.66234507   158986
2.67  0.66966484   160743
2.68  0.67645552   162373
2.69  0.68300873   163946
2.70  0.68981190   165579
2.71  0.69617764   167107
2.72  0.70232258   168582
2.73  0.70805924   169959
2.74  0.71392089   171366
2.75  0.71949924   172705
2.76  0.72498594   174022
2.77  0.73077676   175412
2.78  0.73594684   176653
2.79  0.74115441   177903
2.80  0.74622034   179119
2.81  0.75120712   180316
2.82  0.75598559   181463
2.83  0.76084738   182630
2.84  0.76551336   183750
2.85  0.77022518   184881
2.86  0.77474535   185966
2.87  0.77936968   187076
2.88  0.78401483   188191
2.89  0.78823088   189203
2.90  0.79295936   190338
2.91  0.79725457   191369
2.92  0.80147062   192381
2.93  0.80553669   193357
2.94  0.80978607   194377
2.95  0.81414794   195424
2.96  0.81810153   196373
2.97  0.82223009   197364
2.98  0.82639198   198363
2.99  0.83070802   199399
3.00  0.83477410   200375
3.01  0.83872352   201323
3.02  0.84288125   202321
3.03  0.84681817   203266
3.04  0.85063845   204183
3.05  0.85432958   205069
3.06  0.85822484   206004
3.07  0.86200762   206912
3.08  0.86552378   207756
3.09  0.86894411   208577
3.10  0.87247693   209425
3.11  0.87606807   210287
3.12  0.87933426   211071
3.13  0.88244214   211817
3.14  0.88577499   212617
3.15  0.88893286   213375
3.16  0.89226155   214174
3.17  0.89529860   214903
3.18  0.89837732   215642
3.19  0.90140604   216369
3.20  0.90442227   217093
3.21  0.90728852   217781
3.22  0.91017143   218473
3.23  0.91283771   219113
3.24  0.91554982   219764
3.25  0.91823276   220408
3.26  0.92069490   220999
3.27  0.92306955   221569
3.28  0.92539005   222126
3.29  0.92771054   222683
3.30  0.92991439   223212
3.31  0.93214323   223747
3.32  0.93410544   224218
3.33  0.93622597   224727
3.34  0.93811736   225181
3.35  0.93986294   225600
3.36  0.94146687   225985
3.37  0.94292499   226335
3.38  0.94444560   226700
3.39  0.94583290   227033
3.40  0.94706605   227329
3.41  0.94826588   227617
3.42  0.94939488   227888
3.43  0.95036974   228122
3.44  0.95130293   228346
3.45  0.95219447   228560
3.46  0.95310267   228778
3.47  0.95409836   229017
3.48  0.95489824   229209
3.49  0.95567313   229395
3.50  0.95651051   229596
3.51  0.95716041   229752
3.52  0.95773116   229889
3.53  0.95846856   230066
3.54  0.95912679   230224
3.55  0.95979336   230384
3.56  0.96046410   230545
3.57  0.96118899   230719
3.58  0.96192222   230895
3.59  0.96264295   231068
3.60  0.96347199   231267
3.61  0.96433020   231473
3.62  0.96519258   231680
3.63  0.96597163   231867
3.64  0.96682567   232072
3.65  0.96760056   232258
3.66  0.96834628   232437
3.67  0.96920866   232644
3.68  0.96992522   232816
3.69  0.97070844   233004
3.70  0.97152915   233201
3.71  0.97227488   233380
3.72  0.97292895   233537
3.73  0.97372883   233729
3.74  0.97446622   233906
3.75  0.97517862   234077
3.76  0.97584936   234238
3.77  0.97645760   234384
3.78  0.97719916   234562
3.79  0.97775741   234696
3.80  0.97847397   234868
3.81  0.97909055   235016
3.82  0.97971129   235165
3.83  0.98028204   235302
3.84  0.98080280   235427
3.85  0.98131939   235551
3.86  0.98188597   235687
3.87  0.98242340   235816
3.88  0.98291083   235933
3.89  0.98340242   236051
3.90  0.98383569   236155
3.91  0.98427313   236260
3.92  0.98466474   236354
3.93  0.98507718   236453
3.94  0.98543129   236538
3.95  0.98583123   236634
3.96  0.98613536   236707
3.97  0.98644781   236782
3.98  0.98675610   236856
3.99  0.98710605   236940
4.00  0.98748099   237030
4.01  0.98772679   237089
4.02  0.98800175   237155
4.03  0.98828504   237223
4.04  0.98856833   237291
4.05  0.98884746   237358
4.06  0.98911825   237423
4.07  0.98938905   237488
4.08  0.98961818   237543
4.09  0.98984731   237598
4.10  0.99003479   237643
4.11  0.99025975   237697
4.12  0.99044306   237741
4.13  0.99065553   237792
4.14  0.99083467   237835
4.15  0.99103047   237882
4.16  0.99120128   237923
4.17  0.99136793   237963
4.18  0.99150124   237995
4.19  0.99163039   238026
4.20  0.99178453   238063
4.21  0.99194284   238101
4.22  0.99205949   238129
4.23  0.99220530   238164
4.24  0.99233029   238194
4.25  0.99244693   238222
4.26  0.99258025   238254
4.27  0.99272606   238289
4.28  0.99283021   238314
4.29  0.99293853   238340
4.30  0.99310101   238379
4.31  0.99320099   238403
4.32  0.99333014   238434
4.33  0.99344679   238462
4.34  0.99357177   238492
4.35  0.99369675   238522
4.36  0.99378841   238544
4.37  0.99386756   238563
4.38  0.99396755   238587
4.39  0.99405087   238607
4.40  0.99410919   238621
4.41  0.99418835   238640
4.42  0.99426750   238659
4.43  0.99434666   238678
4.44  0.99442165   238696
4.45  0.99448414   238711
4.46  0.99455496   238728
4.47  0.99459662   238738
4.48  0.99466744   238755
4.49  0.99475077   238775
4.50  0.99480076   238787
4.51  0.99487575   238805
4.52  0.99492991   238818
4.53  0.99497573   238829
4.54  0.99502573   238841
4.55  0.99510488   238860
4.56  0.99518404   238879
4.57  0.99526319   238898
4.58  0.99532152   238912
4.59  0.99540900   238933
4.60  0.99542983   238938
4.61  0.99547983   238950
4.62  0.99554648   238966
4.63  0.99559648   238978
4.64  0.99563814   238988
4.65  0.99567146   238996
4.66  0.99573396   239011
4.67  0.99581311   239030
4.68  0.99586310   239042
4.69  0.99595059   239063
4.70  0.99600058   239075
4.71  0.99605474   239088
4.72  0.99609224   239097
4.73  0.99614223   239109
4.74  0.99621305   239126
4.75  0.99625055   239135
4.76  0.99629637   239146
4.77  0.99634220   239157
4.78  0.99643385   239179
4.79  0.99647551   239189
4.80  0.99652967   239202
4.81  0.99658383   239215
4.82  0.99663799   239228
4.83  0.99667132   239236
4.84  0.99671298   239246
4.85  0.99675881   239257
4.86  0.99682546   239273
4.87  0.99688379   239287
4.88  0.99692128   239296
4.89  0.99696294   239306
4.90  0.99700044   239315
4.91  0.99703377   239323
4.92  0.99708792   239336
4.93  0.99713375   239347
4.94  0.99716708   239355
4.95  0.99718791   239360
4.96  0.99720457   239364
4.97  0.99722124   239368
4.98  0.99722957   239370
4.99  0.99724623   239374
5.00  0.99726707   239379
5.01  0.99729206   239385
5.02  0.99732122   239392
5.03  0.99733789   239396
5.04  0.99737955   239406
5.05  0.99742121   239416
5.06  0.99742954   239418
5.07  0.99749203   239433
5.08  0.99750453   239436
5.09  0.99752536   239441
5.10  0.99755036   239447
5.11  0.99755452   239448
5.12  0.99757535   239453
5.13  0.99760035   239459
5.14  0.99763784   239468
5.15  0.99766284   239474
5.16  0.99769200   239481
5.17  0.99770450   239484
5.18  0.99772117   239488
5.19  0.99774616   239494
5.20  0.99777532   239501
5.21  0.99778366   239503
5.22  0.99780865   239509
5.23  0.99782948   239514
5.24  0.99785031   239519
5.25  0.99786281   239522
5.26  0.99787531   239525
5.27  0.99788781   239528
5.28  0.99789614   239530
5.29  0.99790447   239532
5.30  0.99792114   239536
5.31  0.99793780   239540
5.32  0.99795030   239543
5.33  0.99797113   239548
5.34  0.99799196   239553
5.35  0.99801279   239558
5.36  0.99801696   239559
5.37  0.99803362   239563
5.38  0.99805028   239567
5.39  0.99807111   239572
5.40  0.99808778   239576
5.41  0.99809194   239577
5.42  0.99810444   239580
5.43  0.99811694   239583
5.44  0.99812944   239586
5.45  0.99813361   239587
5.46  0.99814610   239590
5.47  0.99816277   239594
5.48  0.99817110   239596
5.49  0.99817527   239597
5.50  0.99817943   239598
5.51  0.99819610   239602
5.52  0.99820859   239605
5.53  0.99820859   239605
5.54  0.99822109   239608
5.55  0.99823359   239611
5.56  0.99824192   239613
5.57  0.99825026   239615
5.58  0.99826692   239619
5.59  0.99827109   239620
5.60  0.99828775   239624
5.61  0.99830025   239627
5.62  0.99830441   239628
5.63  0.99832108   239632
5.64  0.99834607   239638
5.65  0.99836274   239642
5.66  0.99837940   239646
5.67  0.99841273   239654
5.68  0.99843773   239660
5.69  0.99845439   239664
5.70  0.99847522   239669
5.71  0.99850438   239676
5.72  0.99852522   239681
5.73  0.99853771   239684
5.74  0.99855021   239687
5.75  0.99858354   239695
5.76  0.99859187   239697
5.77  0.99861687   239703
5.78  0.99862520   239705
5.79  0.99865020   239711
5.80  0.99866270   239714
5.81  0.99869186   239721
5.82  0.99871269   239726
5.83  0.99872519   239729
5.84  0.99874185   239733
5.85  0.99875851   239737
5.86  0.99878351   239743
5.87  0.99879601   239746
5.88  0.99881684   239751
5.89  0.99882517   239753
5.90  0.99883350   239755
5.91  0.99883350   239755
5.92  0.99883767   239756
5.93  0.99884600   239758
5.94  0.99884600   239758
5.95  0.99884600   239758
5.96  0.99885433   239760
5.97  0.99887100   239764
5.98  0.99888350   239767
5.99  0.99889599   239770
6.00  0.99890433   239772
6.01  0.99892099   239776
6.02  0.99893349   239779
6.03  0.99893765   239780
6.04  0.99893765   239780
6.05  0.99894599   239782
6.06  0.99895849   239785
6.07  0.99896682   239787
6.08  0.99898348   239791
6.09  0.99899181   239793
6.10  0.99899598   239794
6.11  0.99900848   239797
6.12  0.99900848   239797
6.13  0.99903347   239803
6.14  0.99903764   239804
6.15  0.99904597   239806
6.16  0.99905430   239808
6.17  0.99906264   239810
6.18  0.99906680   239811
6.19  0.99907097   239812
6.20  0.99907513   239813
6.21  0.99908347   239815
6.22  0.99908347   239815
6.23  0.99908763   239816
6.24  0.99908763   239816
6.25  0.99910013   239819
6.26  0.99910430   239820
6.27  0.99911680   239823
6.28  0.99913346   239827
6.29  0.99915012   239831
6.30  0.99915429   239832
6.31  0.99915429   239832
6.32  0.99915429   239832
6.33  0.99915846   239833
6.34  0.99916262   239834
6.35  0.99916679   239835
6.36  0.99917512   239837
6.37  0.99918762   239840
6.38  0.99920012   239843
6.39  0.99920428   239844
6.40  0.99921261   239846
6.41  0.99922095   239848
6.42  0.99923345   239851
6.43  0.99924594   239854
6.44  0.99925011   239855
6.45  0.99927927   239862
6.46  0.99930010   239867
6.47  0.99930843   239869
6.48  0.99932093   239872
6.49  0.99932510   239873
6.50  0.99933760   239876
6.51  0.99934593   239878
6.52  0.99936259   239882
6.53  0.99937093   239884
6.54  0.99939592   239890
6.55  0.99941259   239894
6.56  0.99943758   239900
6.57  0.99944175   239901
6.58  0.99945425   239904
6.59  0.99946674   239907
6.60  0.99947924   239910
6.61  0.99949591   239914
6.62  0.99949591   239914
6.63  0.99950841   239917
6.64  0.99951674   239919
6.65  0.99952507   239921
6.66  0.99954590   239926
6.67  0.99955840   239929
6.68  0.99956256   239930
6.69  0.99957506   239933
6.70  0.99958756   239936
6.71  0.99960839   239941
6.72  0.99962505   239945
6.73  0.99962922   239946
6.74  0.99962922   239946
6.75  0.99963339   239947
6.76  0.99963755   239948
6.77  0.99964588   239950
6.78  0.99965422   239952
6.79  0.99966255   239954
6.80  0.99967088   239956
6.81  0.99967088   239956
6.82  0.99967088   239956
6.83  0.99967088   239956
6.84  0.99967088   239956
6.85  0.99967921   239958
6.86  0.99969171   239961
6.87  0.99969588   239962
6.88  0.99970421   239964
6.89  0.99971254   239966
6.90  0.99971671   239967
6.91  0.99972504   239969
6.92  0.99974170   239973
6.93  0.99975004   239975
6.94  0.99976670   239979
6.95  0.99979170   239985
6.96  0.99980420   239988
6.97  0.99980836   239989
6.98  0.99982503   239993
6.99  0.99983336   239995
7.00  0.99984586   239998
7.01  0.99990001   240011
7.02  1.00000000   240035
